//===========================================================================
//Devil	Is	Mob	Start	End	X	Y	X2	Y2	Count	
//Level	Boss	Id	Time	Time
//===========================================================================
0	0	17	0       7	119	80	150	115	  35	   //Cyclops
0	0	15	0	7	119	80	150	115       35       //Skeleton Archer
0	0	5	5 	14	119	80	150	115       35       //Hell Hound
0	0	13	5	14	119	80	150	115       35       //Hell Spider
0	0	8	12	20	119	80	150	115       35       //Poison Bull
0	0	36	12	20	119	80	150	115       35       //Shadow
0	1	18	15	20	119	80	150  	115	  5	   //Gorgon
1	0	10	0	7	121	152	151	184	  35	   //Dark Knight
1	0	39	0	7	121	152	151	184	  35	   //Poison Shadow
1	0	34	5	14	121	152	151	184	  35	   //Cursed Wizard
1	0	41	5	14	121	152	151	184	  35	   //Death Cow
1	0	40	12	20	121	152	151	184	  35	   //Death Knight
1	0	35	12	20	121	152	151	184	  35	   //Death Gorgon
1	1	49	15	20	121	152	151	184	  5	   //Hydra
2	0	41	0	7	49	138	79	173	  35	   //Death Cow
2	0	37	0	7	49	138	79	173	  35	   //Devil
2	0	35	5	14	49	138	79	173	  35	   //Death Gorgon
2	0	180	5	14	49	138	79	173	  35	   //Schriker
2	0	64	12	20	49	138	79	173	  35	   //Orc Archer
2	0	65	12	20	49	138	79	173	  35	   //King Orc
2	1	67	15	20	49 	138 	79 	173	  5	   //Metal Balrog
3	0	64	0	7	53	74	83	109	  35	   //Orc Archer
3	0	65	0	7	53	74	83	109	  35	   //King Orc
3	0	60	5	14	53	74	83	109	  35	   //Bloody Wolf
3	0	294	5	14	53	74	83	109	  35	   //Axe Warrior
3	0	57	12	20	53	74	83	109	  35	   //Iron Wheel
3	0	70	12	20	53	74	83	109	  35	   //Queen Rainer
3	1	66	15	20	53 	74 	83 	109	  5	   //Cursed king
4	0	294	0	7	120	80	150	115	  35	   //Axe Warrior
4	0	60	0	7	120	80	150	115	  35	   //Bloody Wolf
4	0	71	5	14	120	80	150	115	  35	   //Mega Crust
4	0	190	5	14	120	80	150	115	  35	   //Death Angel
4	0	61	12	20	120	80	150	115	  35	   //Beam Knight
4	0	73	12	20	120	80	150	115	  35	   //Drakan
4	1	291	15	20	120 	80   	150  	115	  5	   //Fire Golem
5	0	290	0	7	122	152	151	184	  35	   //Lizard Warrior
5	0	57	0	7	122	152	151	184	  35	   //Iron Wheel
5	0	70	5	14	122	152	151	184	  35	   //Queen Rainer
5	0	293	5	14	122	152	151	184	  35	   //Poison Golem
5	0	74	12	20	122	152	151	184	  35	   //Alpha Crust
5	0	292	12	20	122	152	151	184	  35	   //Queen Bee
5	1	267	15	20	122 	152 	151 	184	  5	   //Illusion of Kundun
6	0	434	0	7	50	138	79	173	  35	   //Gigantis
6	0	435	0	7	50	138	79	173	  35	   //Berserker
6	0	436	5	14	50	138	79	173	  35	   //Balram (Trainee)
6	0	437	5	14	50	138	79	173	  35	   //Soram (Trainee)
6	0	438	12	20	50	138	79	173	  35	   //Persona
6	0	439	12	20	50	138	79	173	  35	   //Dreadfear
6	1	440	15	20	50	138	79	173	  5	   //Dark Elf